3491.6118069316835 2.9645346062996314
3501.62931019815 2.868785216156466
3511.6468134646175 2.808889959506916
3521.664316731085 2.8538922750296187
3531.6818199975514 2.8605383084996867
3541.699323264019 2.9145809387225756
3551.716826530486 2.9932520308056825
3561.734329796953 2.9992327359548434
3571.7518330634202 2.952011560917147
3581.7693363298868 2.9064605719648666
3591.786839596354 3.0299570200321293
3601.804342862821 3.036706527049877
3611.821846129288 2.9434075486918885
3621.8393493957556 2.907851423409365
3631.856852662222 2.873896282158089
3641.8743559286895 2.7416030447146356
3651.8918591951565 2.7085980586517078
3661.9093624616235 2.674910718365658
3671.926865728091 2.781092592787873
3681.9443689945574 2.7698870227035477
3691.961872261025 2.497245099176434
3701.9793755274923 2.297404285869954
3711.996878793959 2.261195903765651
3722.014382060426 2.367776623677916
3732.031885326893 2.4687163875736897
3742.04938859336 2.571997158102309
3752.0668918598276 2.532331858780359
3762.084395126294 2.3616144553644602
3772.1018983927615 2.152616892155524
3782.1194016592285 2.036846139448074
3792.1369049256955 2.045286043944843
3802.154408192163 1.9060504124881834
3812.1719114586294 1.856928707384717
3822.189414725097 1.9183602496370784
3832.206917991564 1.9936233053185863
3842.224421258031 2.080773077017713
3852.2419245244982 2.1600142622138367
3862.2594277909648 2.2593141571145887
3872.276931057432 2.3181080026573637
3882.294434323899 2.450065774904835
3892.311937590366 2.5894382726464302
3902.3294408568336 2.6971592886292504
3912.3469441233 2.7556666596366224
3922.3644473897675 2.752971294548551
3932.381950656235 2.770303113784878
3942.3994539227015 2.7621224423799555
3952.416957189169 2.6238801350121155
3962.434460455636 2.5336563641284724
3972.451963722103 2.4223864910560224
3982.4694669885703 2.4605270384508615
3992.486970255037 2.4678309308137694
4002.504473521504 2.511633963753064
4012.521976787971 2.5425339990790685
4022.539480054438 2.6157943692814944
4032.5569833209056 2.6635985990868027
4042.574486587372 2.6821123454707183
4052.5919898538396 2.737849657109317
4062.6094931203065 2.757135061319614
4072.6269963867735 2.7776718144207453
4082.644499653241 2.6818560781811898
4092.662002919708 2.5741307782616833
4102.679506186175 2.5287210493755587
4112.697009452642 2.4899685581016113
4122.714512719109 2.409584111032612
4132.732015985575 2.398322520237759
4142.749519252044 2.3795394350651877
4152.76702251851 2.327352628184176
4162.784525784977 2.263342595424145
4172.802029051445 2.1407072186310425
4182.819532317912 2.0210866348205405
4192.837035584378 1.9865411890626503
4202.8545388508455 1.9210179380512047
4212.872042117313 1.8915950919706288
4222.8895453837795 1.8552673088617297
4232.907048650247 1.824116828006316
4242.924551916714 1.766941212086063
4252.942055183181 1.6953725025747588
4262.959558449647 1.6878440330693572
4272.977061716116 1.7097902013406352
4282.994564982582 1.723414657829898
4293.012068249049 1.6874552932761124
4303.029571515517 1.682961828146916
4313.047074781984 1.7205812181670588
4323.06457804845 1.7703031137848768
4333.082081314918 1.778508280520085
4343.099584581385 1.815063551651536
4353.1170878478515 1.8275822581750731
4363.134591114318 1.7774745336440632
4373.152094380786 1.6669099723016039
4383.169597647253 1.5683703113960652
4393.187100913719 1.5298511299047781
4403.204604180188 1.5404448659545236
4413.222107446654 1.5926618800814094
4423.239610713121 1.6871529462060595
4433.257113979588 1.7284594875796642
4443.274617246056 1.7873540605568525
4453.292120512522 1.8284216351544695
4463.30962377899 1.823074403412389
4473.327127045457 1.8414859943829918
4483.3446303119235 1.8438241450580524
4493.36213357839 1.8280430010580246
4503.379636844858 1.8232241215073846
4513.397140111325 1.8224697092722888
4523.414643377791 1.818235367390413
4533.43214664426 1.8115362240898722
4543.449649910726 1.7932138818002585
4553.467153177193 1.7943023861747067
4563.48465644366 1.8369478774521746
4573.502159710128 1.8562995179143287
4583.519662976594 1.8855655060054228
4593.537166243061 1.8939809151719063
4603.554669509529 1.8666241348644825
4613.572172775996 1.7646204168468163
4623.589676042462 1.662818263542514
4633.60717930893 1.5917778513003835
4643.624682575397 1.5719869974832434
4653.6421858418635 1.5436497998193277
4663.659689108332 1.5752696463533369
4673.677192374798 1.5873088815014815
4683.694695641265 1.5839312171125493
4693.712198907731 1.5883008325336678
4703.7297021742 1.5779878591037397
4713.747205440666 1.5304587898472066
4723.764708707133 1.4788795879863506
4733.782211973601 1.4613707542892092
4743.799715240068 1.477814096041029
4753.817218506534 1.4930539811172894
4763.8347217730025 1.5139850760827198
4773.852225039469 1.532428302278088
4783.8697283059355 1.5189982706077152
4793.887231572403 1.4813271438137332
4803.90473483887 1.413841575188142
4813.922238105337 1.3290645002688999
4823.939741371803 1.2710437954536677
4833.957244638272 1.2001906681359469
4843.974747904738 1.1637245358409534
4853.992251171205 1.1614641001711818
4864.009754437673 1.1358091960962147
4874.02725770414 1.116270215787384
4884.044760970606 1.1051409876517178
4894.0622642370745 1.120215172253801
4904.079767503541 1.1595665359077398
4914.0972707700075 1.1488101750306714
4924.114774036475 1.1303510763006477
4934.132277302942 1.1265068472686526
4944.149780569409 1.1167900001054532
4954.167283835875 1.1086683152133816
4964.184787102344 1.1309758719898217
4974.20229036881 1.1616023944350118
4984.219793635277 1.1644300123377396
4994.237296901745 1.166108766296535
5004.254800168212 1.1790147297121556
5014.272303434678 1.1763871936216364
5024.289806701146 1.1801722713739906
5034.307309967613 1.1934900419342473
5044.32481323408 1.2129742647446544
5054.342316500546 1.255298680459628
5064.359819767014 1.2700821065896195
5074.377323033481 1.2926056177129148
5084.394826299947 1.2935731283370773
5094.412329566416 1.2774666248378725
5104.429832832882 1.2642280521840608
5114.447336099349 1.2559134253742636
5124.464839365817 1.2402992999827787
5134.482342632284 1.2439721166250137
5144.49984589875 1.254083470419311
5154.517349165218 1.2446848428608084
5164.534852431685 1.2694658787738198
5174.552355698152 1.2772232093584035
5184.569858964618 1.2782583842133222
5194.587362231086 1.2282313404899272
5204.604865497553 1.1701803735065537
5214.6223687640195 1.117675401943109
5224.639872030488 1.0329545674234553
5234.657375296954 0.9909583671654499
5244.674878563421 0.9674399941299097
5254.692381829888 0.9684190384297717
5264.709885096356 0.9694527853057906
5274.727388362822 0.9593024916254552
5284.744891629289 0.9505429944673508
5294.762394895757 0.9690697574281256
5304.779898162224 0.9916076581849123
5314.79740142869 1.0026894884056916
5324.8149046951585 1.0001482901161
5334.832407961625 0.9988438863170637
5344.8499112280915 1.0019854398877999
5354.86741449456 1.00755148193453
5364.884917761026 0.9930330557342374
5374.902421027493 0.9703943726207674
5384.91992429396 0.9660405748120371
5394.937427560428 0.934970609997434
5404.954930826894 0.896336256515981
5414.972434093361 0.8616814056057633
5424.989937359829 0.8448391634416342
5435.007440626296 0.8567012742844304
5445.024943892762 0.8814233236845909
5455.0424471592305 0.9026625325579184
5465.059950425697 0.9242790024710639
5475.0774536921635 0.9492702808153474
5485.094956958632 0.9739995250322517
5495.112460225098 0.988546730499524
5505.129963491565 0.9770848931256668
5515.147466758031 0.9475656035473662
5525.1649700245 0.9416712361991335
5535.182473290966 0.9475425911182365
5545.199976557433 0.9701524949647296
5555.217479823901 0.9873143297901916
5565.234983090368 0.9957282560555105
5575.252486356834 0.9996328995792536
5585.2699896233025 0.9985646065984051
5595.287492889769 1.0079085865030093
5605.304996156236 0.9998517098838999
5615.322499422703 0.9902744751188992
5625.34000268917 1.0021120906314072
5635.357505955637 1.0056928026348646
5645.3750092221035 0.9955439369334207
5655.392512488572 0.9873186686491413
5665.410015755038 0.9710221341122613
5675.427519021505 0.9623403519594492
5685.445022287973 0.9592189548600488
5695.46252555444 0.9470472472081911
5705.480028820906 0.9338101574555463
5715.497532087375 0.922893972786677
5725.515035353841 0.8991956194880026
5735.532538620308 0.8813052408143605
5745.550041886774 0.8838190328936024
5755.5675451532425 0.8860981970558152
5765.585048419709 0.8731533486764177
5775.6025516861755 0.8798510639980585
5785.620054952644 0.8749156119394874
5795.63755821911 0.8758053800972254
5805.655061485577 0.87486664874004
5815.672564752045 0.874662228068879
5825.690068018512 0.883316576550215
5835.707571284978 0.8947266496890949
5845.725074551446 0.8958668908373885
5855.742577817913 0.8938987514631312
5865.76008108438 0.8852645869142688
5875.777584350846 0.8859398012429137
5885.7950876173145 0.8932407827257632
5895.812590883781 0.8816248883979575
5905.8300941502475 0.9018217550607599
5915.847597416716 0.9022018445972313
5925.865100683182 0.8988212967893754
5935.882603949649 0.8958381115704116
5945.900107216117 0.8873205469906121
5955.917610482584 0.8875105780282817
5965.93511374905 0.8822122820245162
5975.952617015517 0.8730914512835112
5985.970120281985 0.8632478435321814
5995.987623548452 0.8504109723262114
6006.005126814918 0.8427500577782261
6016.0226300813865 0.8196607100174697
6026.040133347853 0.7914041107777692
6036.05763661432 0.7685119888714323
6046.075139880788 0.7381389326802412
6056.092643147254 0.716780185496654
6066.110146413721 0.6719621067126418
6076.127649680188 0.6246589601941002
6086.145152946656 0.5840910409043463
6096.162656213122 0.5368950202641198
6106.180159479589 0.5148388152344707
6116.197662746057 0.5091495001634493
6126.215166012524 0.511403866922913
6136.23266927899 0.5222714179259251
6146.250172545459 0.5454268371717412
6156.267675811925 0.5635721924616781
6166.285179078392 0.5758135964681035
6176.30268234486 0.5876529694930983
6186.320185611326 0.6064763126860787
6196.337688877793 0.6326697570326858
6206.35519214426 0.6629319526315258
6216.372695410728 0.6760855605410342
6226.390198677194 0.7031327715005319
6236.407701943661 0.7222843576116127
6246.425205210129 0.7408082646145959
6256.442708476596 0.7566052262270064
6266.460211743062 0.7707004214514944
6276.477715009531 0.7673314073193356
6286.495218275997 0.77026565679999
6296.512721542464 0.7470078624517994
6306.530224808931 0.732155316651025
6316.5477280753985 0.7270182724179521
6326.565231341865 0.7313303567662492
6336.5827346083315 0.7281988814311809
6346.6002378748 0.7376393597557773
6356.617741141266 0.7488363070444614
6366.635244407733 0.7363076046686585
6376.652747674201 0.7485829231738588
6386.670250940668 0.744963408590018
6396.687754207134 0.7435970799369402
6406.705257473603 0.7502674714316335
6416.722760740069 0.7486347423310947
6426.740264006536 0.7476960658961737
6436.757767273003 0.739947303184964
6446.7752705394705 0.7386111817777603
6456.792773805937 0.738498893206515
6466.810277072404 0.7298632457564882
6476.827780338872 0.7267533823327846
6486.845283605338 0.7252675702917115
6496.862786871805 0.7250803952118334
6506.880290138273 0.7262350809158739
6516.89779340474 0.7229308201344158
6526.915296671206 0.7233267822055399
6536.932799937674 0.7202111519439867
6546.950303204141 0.7072619647056363
6556.967806470608 0.7093496149290123
6566.985309737074 0.7009472498005225
6577.0028130035425 0.6958735584003826
6587.020316270009 0.6910647296242781
6597.037819536476 0.6783718645977239
6607.055322802944 0.6848363799812299
6617.07282606941 0.6721593600281907
6627.090329335877 0.6774504337540826
6637.107832602345 0.6772546358785632
6647.125335868812 0.6720513553936309
6657.142839135278 0.6617398648648671
6667.160342401746 0.6580353306144614
6677.177845668213 0.6510453464584355
6687.19534893468 0.6466828709317997
6697.212852201146 0.6378946494289857
6707.230355467615 0.6276090272871402
6717.247858734081 0.6232580854361955
6727.265362000548 0.6094335471347307
6737.282865267016 0.6077605600137793
6747.3003685334825 0.599767063688738
6757.317871799949 0.6010945348391682
6767.335375066417 0.5815865581490607
6777.352878332884 0.5871145116048576
6787.37038159935 0.575266927701209
6797.387884865817 0.577076533956897
6807.405388132285 0.566749170893485
6817.422891398752 0.5612611184633723
6827.440394665218 0.5618966239942644
6837.457897931687 0.5510298144418324
6847.475401198153 0.5313965875258801
6857.49290446462 0.5346055307160466
6867.510407731088 0.5334934646898174
6877.5279109975545 0.5423925742461161
6887.545414264021 0.536551481495152
6897.562917530488 0.531852112793637
6907.580420796956 0.5294120263943235
6917.597924063422 0.5183135272660496
6927.615427329889 0.5174090948634948
6937.632930596357 0.4973095504546692
6947.650433862824 0.4917860457023553
6957.66793712929 0.4894957323203035
6967.685440395759 0.49440539837535596
6977.702943662225 0.4950600717768106
6987.720446928692 0.4889992625038233
6997.73795019516 0.5011571572059778
7007.7554534616265 0.4860840710492004
7017.772956728093 0.48835499687162837
7027.79045999456 0.4974753882345092
7037.807963261028 0.47721489412744844
7047.825466527494 0.4958340912605938
7057.842969793961 0.49053030303030376
7067.860473060429 0.49849746412917084
7077.877976326896 0.48569934058131575
7087.895479593362 0.4814500873044333
7097.912982859831 0.4809925024517306
7107.930486126297 0.47346417025199283
