4444.167782101167 1.6241511580656833
4454.183346303502 1.8135968139521397
4464.1989105058365 1.9239958123665488
4474.214474708171 2.057074735520791
4484.230038910506 2.1427933923388625
4494.24560311284 2.2475892814027705
4504.261167315175 2.3439880102111306
4514.27673151751 2.349219462237453
4524.292295719844 2.4138834226620394
4534.307859922179 2.4176767991988446
4544.323424124514 2.439366226271865
4554.338988326848 2.423453819458759
4564.354552529183 2.295963880911106
4574.370116731518 2.245698331311582
4584.385680933852 2.199986246030616
4594.401245136187 2.188222099945099
4604.4168093385215 2.224863451245224
4614.432373540856 2.209408333016262
4624.447937743191 2.188753543434779
4634.463501945525 2.0988530796223293
4644.47906614786 1.9474093409932998
4654.494630350195 1.8102616087959724
4664.510194552529 1.6779224691041088
4674.525758754864 1.6510703598516865
4684.541322957199 1.6320090179427504
4694.556887159533 1.638545861145469
4704.572451361868 1.6623705080997018
4714.588015564203 1.6567323517283699
4724.603579766537 1.656443500715374
4734.619143968872 1.6300707499594576
4744.6347081712065 1.5441261855184474
4754.650272373541 1.4747815498004482
4764.665836575876 1.4088394766111456
4774.68140077821 1.3859105149802176
4784.696964980545 1.399661747695173
4794.712529182879 1.4393982717846145
4804.7280933852135 1.459773126597696
4814.743657587548 1.4211423051175978
4824.759221789883 1.3652080543880325
4834.774785992217 1.24762141519517
4844.790350194552 1.1529848364694533
4854.805914396887 1.057432709499305
4864.821478599221 1.0151592048440103
4874.837042801556 0.966825567093019
4884.852607003891 0.9566305917764505
4894.868171206225 1.0147690087934476
4904.88373540856 1.055912004257904
4914.899299610895 1.0935308761163733
4924.914863813229 1.129451777197349
4934.930428015564 1.1448601954917526
4944.9459922178985 1.1228439571564734
4954.961556420233 1.123554078656638
4964.977120622568 1.1015415480666357
4974.992684824902 1.0757318449149025
4985.008249027237 1.066109981082554
4995.023813229572 1.0548216623075646
5005.039377431906 1.0547238484559758
5015.054941634241 1.0445678927444633
5025.070505836576 1.0554669865450337
5035.08607003891 1.0688092196440935
5045.101634241245 1.0627051232829718
5055.11719844358 1.0794246709309856
5065.132762645914 1.1215464228688785
5075.148326848249 1.1766191524994747
5085.1638910505835 1.235083674541535
5095.179455252918 1.281389793583641
5105.195019455253 1.3240968395973778
5115.210583657587 1.3690159087873475
5125.226147859922 1.3838108717977329
5135.241712062257 1.383541883705863
5145.257276264591 1.349547156296206
5155.272840466926 1.3363909284185345
5165.288404669261 1.3101460948746688
5175.303968871595 1.3005364136339443
5185.31953307393 1.2959798595276562
5195.335097276265 1.3453898027647244
5205.350661478599 1.369299021623129
5215.366225680934 1.3952308155300501
5225.3817898832685 1.3702342562293872
5235.397354085603 1.3098123977997531
5245.412918287938 1.2231234593545928
5255.4284824902725 1.1258335474850496
5265.444046692607 1.045462518711975
5275.459610894942 0.9812200053338564
5285.475175097276 0.9296045716146145
5295.490739299611 0.9201083297234314
5305.506303501946 0.9288195006920682
5315.52186770428 0.9241175500031383
5325.537431906615 0.936105396720358
5335.55299610895 0.9364473038026723
5345.568560311284 0.9441661232318579
5355.584124513618 0.9936631984829319
5365.599688715953 1.0256224620152532
5375.615252918287 1.0321282307813657
5385.630817120622 1.0387431131941969
5395.646381322957 1.021880111115829
5405.661945525291 0.9999367917709948
5415.677509727626 0.9874867128092623
5425.6930739299605 0.9577395607328235
5435.708638132295 0.9060631257758125
5445.72420233463 0.8741340538836028
5455.739766536964 0.8295769312563721
5465.755330739299 0.7987076565557925
5475.770894941634 0.8000655741236103
5485.786459143968 0.8151364993181721
5495.802023346303 0.8630525743272716
5505.817587548638 0.9361700174237545
5515.833151750972 0.9988240267896955
5525.848715953307 1.0866884970469133
5535.864280155642 1.1162032970860036
5545.879844357976 1.1627597772139453
5555.895408560311 1.2013328638033045
5565.9109727626455 1.2281172625645997
5575.92653696498 1.2307523218209904
5585.942101167315 1.2609285129937493
5595.9576653696495 1.283128108160933
5605.973229571984 1.2903264307769693
5615.988793774319 1.2838701868941975
5626.004357976653 1.2655625766322531
5636.019922178988 1.2451651222289126
5646.035486381323 1.2343329444026243
5656.051050583657 1.2059711648649818
5666.066614785992 1.2036336963068828
5676.082178988327 1.1923512922684065
5686.097743190661 1.175570213704727
5696.113307392996 1.1669971121078275
5706.128871595331 1.1482731750190838
5716.144435797665 1.1060987201304704
5726.16 1.052784079718642
5736.1755642023345 1.0168343994719464
5746.191128404669 0.9939110877385834
5756.206692607004 0.9702260991897781
5766.222256809338 0.9565187414605991
5776.237821011673 0.9509946423963547
5786.253385214008 0.940040638653827
5796.268949416342 0.9509263139476815
5806.284513618677 0.9755061933029469
5816.300077821012 1.0
5826.315642023346 1.032556122242243
5836.331206225681 1.0568495341350477
5846.346770428016 1.0788655959110278
5856.36233463035 1.08953551574163
5866.377898832685 1.0990676874501386
5876.3934630350195 1.0974584377203405
5886.409027237354 1.0898890757376714
5896.424591439689 1.084074889745339
5906.4401556420235 1.0847248928042286
5916.455719844358 1.092665647272128
5926.471284046693 1.0907871446115118
5936.486848249027 1.0946817779062343
5946.502412451362 1.0912525549234044
5956.517976653697 1.0792817461785285
5966.533540856031 1.0770621309524429
5976.549105058366 1.0717371907773543
5986.564669260701 1.062692764132049
5996.580233463035 1.0605726400708921
6006.59579766537 1.044895851642165
6016.6113618677045 1.0280889954208463
6026.626926070039 1.0135654040528657
6036.642490272374 0.9908868035077741
6046.6580544747085 0.951214547003131
6056.673618677043 0.9088231890158223
6066.689182879378 0.7917098170236534
6076.704747081712 0.6793771411677225
6086.720311284047 0.5804691516034365
6096.735875486382 0.49843987789512006
6106.751439688716 0.43448542101315196
6116.767003891051 0.4000727777430054
6126.782568093386 0.36968798175859946
6136.798132295719 0.35171565760526086
6146.813696498054 0.3373574140206975
6156.829260700389 0.34211992454914925
6166.844824902723 0.3586824227007941
6176.860389105058 0.38950164284013644
6186.875953307393 0.42760331610144003
6196.891517509727 0.48920353129191346
6206.907081712062 0.5468158015981971
6216.9226459143965 0.608102977151726
6226.938210116731 0.6759796105790447
6236.953774319066 0.7294335562777027
6246.9693385214005 0.785177740922005
6256.984902723735 0.8353991506968044
6267.00046692607 0.8807923698839626
6277.016031128404 0.8692797325197245
6287.031595330739 0.9147328053092088
6297.047159533074 0.9269725138663052
6307.062723735408 0.948972597025735
6317.078287937743 0.9594710777771078
6327.093852140078 0.968185073694527
6337.109416342412 0.97029945957847
6347.124980544747 0.9715461447879826
6357.140544747082 0.9643664491779796
6367.156108949416 0.9661026450436847
6377.171673151751 0.9622059813170246
6387.1872373540855 0.9569907727462007
6397.20280155642 0.9491550710611452
6407.218365758755 0.9471772537948994
6417.233929961089 0.9355648604267843
6427.249494163424 0.926088834575325
6437.265058365759 0.913920102856385
6447.280622568093 0.9084503840562009
6457.296186770428 0.9024305947603026
6467.311750972763 0.8841864575663119
6477.327315175097 0.8779833997181584
6487.342879377432 0.8729310671005671
6497.358443579767 0.8679641891836418
6507.374007782101 0.8646176842323454
6517.389571984436 0.8516389867297148
6527.40513618677 0.8480411496164382
6537.420700389104 0.8320814249112282
6547.436264591439 0.8278759589707969
6557.4518287937735 0.8217406116137705
6567.467392996108 0.8174330943985768
6577.482957198443 0.8038646888376298
6587.4985214007775 0.7935684567631437
6597.514085603112 0.7799587363262547
6607.529649805447 0.7750780193471914
6617.545214007781 0.7590966661278665
6627.560778210116 0.7518367243165146
6637.576342412451 0.7407066909529867
6647.591906614785 0.7230790988307448
6657.60747081712 0.7097857726574797
6667.623035019455 0.705995485908405
6677.638599221789 0.6968768160779135
6687.654163424124 0.6929873912825082
6697.669727626459 0.6927807286231491
6707.685291828793 0.6842831944061776
6717.700856031128 0.682932604049264
6727.7164202334625 0.676836541136242
6737.731984435797 0.6617586418493738
6747.747548638132 0.6597652873648251
6757.763112840466 0.6434622431029096
6767.778677042801 0.635178787035851
6777.794241245136 0.6312550214568101
6787.80980544747 0.636429444829589
6797.825369649805 0.6429350370364026
6807.84093385214 0.6463916267105617
6817.856498054474 0.6509435902750785
6827.872062256809 0.6556571055980862
6837.887626459144 0.6655257110506435
6847.903190661478 0.6610275980722903
6857.918754863813 0.6617710892799461
6867.9343190661475 0.6420524171012159
6877.949883268482 0.6455374328224972
6887.965447470817 0.6235133375984174
6897.981011673151 0.6099691206614194
6907.996575875486 0.5917715951223376
6918.012140077821 0.5770543182034666
6928.027704280155 0.5736171500521865
6938.04326848249 0.5678510764688034
6948.058832684825 0.5696486266908753
6958.074396887159 0.5696673419765584
6968.089961089494 0.5847923825962321
6978.105525291829 0.5914963391753568
6988.121089494163 0.5878402374934442
6998.136653696498 0.5919324406436328
7008.1522178988325 0.5901602266809526
