3863.7476725521665 3.923948283280418
3873.763017656501 4.14337993170198
3883.778362760834 4.322303703936815
3893.7937078651685 4.472429736088776
3903.809052969502 4.64260007573096
3913.824398073836 4.8066201157813255
3923.8397431781696 4.9985935772641295
3933.855088282504 5.039616106978772
3943.8704333868372 4.9047929287469785
3953.8857784911715 4.62447415924178
3963.9011235955054 4.277021070372583
3973.9164686998392 4.113036462691598
3983.9318138041735 3.9829192074191586
3993.947158908507 3.884763062730783
4003.9625040128412 3.901745777727246
4013.9778491171746 3.9497626637072893
4023.993194221509 4.091600206686639
4034.0085393258423 4.266980840224607
4044.0238844301766 4.406313327787502
4054.03922953451 4.543552980512295
4064.0545746388443 4.665126810386951
4074.0699197431777 4.7256466071754355
4084.085264847512 4.766367372302413
4094.100609951846 4.7114734629400505
4104.11595505618 4.555312335517424
4114.131300160514 4.438893325939911
4124.146645264847 4.3102133411777945
4134.161990369181 4.224664799797781
4144.177335473515 4.173615368007565
4154.192680577849 4.184556274576499
4164.208025682183 4.1385826443151075
4174.223370786516 4.074971225936076
4184.2387158908505 3.9016474381660133
4194.254060995185 3.784465159026991
4204.269406099518 3.683014589916662
4214.284751203852 3.6168262362221055
4224.300096308186 3.547801884851415
4234.31544141252 3.445539351232007
4244.330786516854 3.394224569636706
4254.346131621187 3.3190306633754956
4264.361476725521 3.207847555931158
4274.3768218298555 3.12738143099551
4284.392166934189 3.020881290788773
4294.407512038522 2.9014363175695204
4304.4228571428575 2.8889104510393264
4314.438202247191 2.9306793528084527
4324.453547351524 3.0171284723681064
4334.468892455859 3.1232159662841035
4344.484237560193 3.1986981453250447
4354.499582664526 3.29176208218417
4364.51492776886 3.367948291270712
4374.530272873194 3.335348481118788
4384.545617977528 3.242618564747367
4394.560963081862 3.15521971360101
4404.576308186195 3.0800945435166316
4414.591653290529 3.0646183919081382
4424.606998394864 3.1239396773407937
4434.622343499197 3.231091583210939
4444.6376886035305 3.3363342017756863
4454.653033707865 3.4439411614396667
4464.668378812199 3.4895152770000797
4474.6837239165325 3.57396040462194
4484.699069020866 3.5840857117529596
4494.714414125201 3.6309075575704783
4504.7297592295345 3.644916737042928
4514.745104333868 3.6436592154009384
4524.760449438201 3.579792533325666
4534.7757945425365 3.547474479279252
4544.79113964687 3.5363567710815804
4554.806484751203 3.491090445576454
4564.8218298555375 3.480912644833494
4574.837174959872 3.498491291676547
4584.852520064205 3.5094025621139755
4594.867865168539 3.54272939078036
4604.883210272873 3.550912859981985
4614.898555377207 3.45877560074649
4624.913900481541 3.27305366016212
4634.929245585874 3.1118462036066425
4644.944590690208 3.022616756452138
4654.959935794543 2.9826621426320536
4664.975280898876 2.931678237802219
4674.990626003209 2.937300981506105
4685.005971107545 2.9536187337551842
4695.021316211878 2.9643532353109827
4705.036661316211 2.9192310625692746
4715.052006420545 2.866177344117305
4725.06735152488 2.7607350336962817
4735.082696629213 2.6559801505377942
4745.098041733547 2.653137930911399
4755.113386837881 2.6937050138669263
4765.128731942215 2.7600309709035735
4775.144077046549 2.799543662519584
4785.159422150882 2.7886617334897035
4795.1747672552165 2.7167327792544724
4805.190112359551 2.6091716000455714
4815.205457463884 2.4729436691803457
4825.220802568218 2.2987584360230753
4835.236147672552 2.1441364553595212
4845.251492776886 2.0629301148254373
4855.2668378812195 2.0084159736587517
4865.282182985553 2.011366520713904
4875.297528089887 2.0474605126382714
4885.3128731942215 2.0610899239150453
4895.328218298555 2.079044933254684
4905.343563402888 2.0824997857520553
4915.3589085072235 2.1635588298004826
4925.374253611557 2.2392928668385736
4935.38959871589 2.2463598234393904
4945.404943820224 2.2711297349000557
4955.420288924559 2.2781244841307364
4965.435634028892 2.295303649019917
4975.450979133226 2.30681753171369
4985.466324237559 2.3342302001742214
4995.481669341894 2.350430128333619
5005.497014446228 2.32830618308927
5015.512359550561 2.3264331140838137
5025.527704654895 2.351085103213477
5035.54304975923 2.366725154090692
5045.558394863563 2.4105931453952874
5055.5737399678965 2.4794603434012243
5065.589085072231 2.5380120718278967
5075.604430176565 2.5942061395650904
5085.6197752808985 2.6588751257529832
5095.635120385232 2.6593140679703535
5105.650465489567 2.6112771407610476
5115.6658105939005 2.5870672703180984
5125.681155698234 2.5300284909651882
5135.696500802567 2.501594112777564
5145.711845906902 2.494065552961585
5155.727191011236 2.515200437344159
5165.742536115569 2.535248314269005
5175.757881219903 2.5546935134432935
5185.773226324238 2.56906297658297
5195.788571428571 2.558004213177246
5205.803916532905 2.45215580588681
5215.819261637239 2.3079146252802625
5225.834606741573 2.1603659869033187
5235.849951845907 2.028751959627795
5245.86529695024 1.9493501811520821
5255.880642054574 1.8852836762321075
5265.895987158909 1.83702753989097
5275.911332263242 1.828369204895994
5285.926677367575 1.8112948634951598
5295.942022471911 1.8090419280527077
5305.957367576244 1.8103648784137594
5315.972712680577 1.8511480922730945
5325.988057784911 1.8915874942598416
5336.003402889246 1.920716045613969
5346.018747993579 1.9268725344089406
5356.034093097913 1.9216395795153618
5366.049438202246 1.9375644647261105
5376.064783306581 1.927245753183289
5386.080128410915 1.8918986245200053
5396.095473515248 1.8527199533916983
5406.110818619582 1.7915811052993367
5416.126163723917 1.7499300276198924
5426.14150882825 1.6690544656099549
5436.1568539325835 1.6263293155799043
5446.172199036918 1.6177922103737008
5456.187544141252 1.6567056626853502
5466.2028892455855 1.7073685803759233
5476.218234349919 1.784003392076294
5486.233579454253 1.8517964849845185
5496.2489245585875 1.9244851720937413
5506.264269662921 1.9908799962956476
5516.279614767254 2.024776460881993
5526.2949598715895 2.0315911992674867
5536.310304975923 2.003526928879081
5546.325650080256 1.9877853619712893
5556.34099518459 2.0143269246481545
5566.356340288925 2.053394190119681
5576.371685393258 2.076618470894159
5586.387030497592 2.102704816041655
5596.402375601925 2.100726890800745
5606.41772070626 2.1156497472954907
5616.433065810594 2.124494675304087
5626.448410914927 2.1280642081689036
5636.463756019261 2.115030761485827
5646.479101123596 2.133438041115237
5656.494446227929 2.1422960024722757
5666.5097913322625 2.1287911611891515
5676.525136436597 2.1203948030472755
5686.540481540931 2.0848641268512886
5696.5558266452645 2.0589186925036533
5706.571171749598 2.027622249943012
5716.586516853932 1.949919915313363
5726.601861958266 1.8857944656014407
5736.6172070626 1.8352624708432046
5746.632552166933 1.8091532027210622
5756.647897271268 1.790873767795965
5766.663242375602 1.792321189909346
5776.678587479935 1.8015591486918072
5786.693932584269 1.8078563518040007
5796.709277688604 1.8207063819428002
5806.724622792937 1.8335366328291907
5816.739967897271 1.8570884829113647
5826.755313001604 1.8809970472261417
5836.770658105939 1.8807122456397147
5846.786003210273 1.90149680147548
5856.801348314606 1.9329373313053273
5866.81669341894 1.932704695859774
5876.832038523275 1.9447720701499351
5886.847383627608 1.9280055515514944
5896.862728731941 1.9048992586022315
5906.878073836277 1.894600162576286
5916.89341894061 1.9072438859432688
5926.908764044943 1.8959068376253387
5936.924109149277 1.8848383155818365
5946.939454253612 1.8640472103247436
5956.954799357945 1.8484432467590437
5966.970144462279 1.8402039437406021
5976.985489566612 1.8058883489364022
5987.000834670947 1.7723192571751123
5997.016179775281 1.7489509546256419
6007.031524879614 1.709281076897771
6017.0468699839475 1.6688122352621568
6027.062215088283 1.6180672860694563
6037.077560192616 1.5460793215480646
6047.0929052969495 1.4333801540548337
6057.108250401283 1.3684590478929384
6067.123595505618 1.2645360067372589
6077.1389406099515 1.1778512389982412
6087.154285714285 1.0842501513489402
6097.169630818618 1.013503367663326
6107.1849759229535 0.9640355228823847
6117.200321027287 0.9265400857823558
6127.21566613162 0.9113290547492
6137.2310112359555 0.9203050366785607
6147.246356340289 0.9510152405361764
6157.261701444622 0.9765187854268433
6167.277046548956 1.039488164033139
6177.292391653291 1.1082209679134354
6187.307736757624 1.1800845589238176
6197.323081861958 1.2323325675640762
6207.338426966291 1.2597882657227293
6217.353772070626 1.3294869455133012
6227.36911717496 1.4019494811040847
6237.384462279293 1.459925941108455
6247.3998073836265 1.5162564660390074
6257.415152487962 1.5647745792332457
6267.430497592295 1.6067040400662163
6277.4458426966285 1.5976959004781375
6287.461187800962 1.6257292575978775
6297.476532905297 1.6482996768941232
6307.49187800963 1.6556358147115002
6317.507223113964 1.6585578390367715
6327.522568218299 1.671930152779334
6337.537913322632 1.6826332826069739
6347.553258426966 1.68724607279505
6357.568603531299 1.700499678276051
6367.583948635634 1.7034280555400099
6377.599293739968 1.702893229794405
6387.614638844301 1.6891547051583145
6397.629983948635 1.675564655903719
6407.64532905297 1.6546833323678398
6417.660674157303 1.64790556546574
6427.676019261637 1.6494708771630162
6437.69136436597 1.6461608323711963
6447.706709470305 1.6325743198041176
6457.722054574639 1.637783271068531
6467.737399678972 1.6230921985945663
6477.752744783305 1.6105556237605017
6487.768089887641 1.5988381850518694
6497.783434991974 1.583134310063818
6507.798780096307 1.5656084843037716
6517.814125200641 1.548617222312477
6527.829470304976 1.5478312917531751
6537.844815409309 1.53691278420518
6547.860160513643 1.5349186491464846
6557.875505617978 1.5216748677974747
6567.890850722311 1.5225178438165392
6577.906195826645 1.4902946253909475
6587.921540930978 1.4792523010327554
6597.936886035313 1.4687456210978345
6607.952231139647 1.4576261118092977
6617.96757624398 1.4432008475999107
6627.9829213483135 1.4236336327062908
6637.998266452649 1.4095794914564275
6648.013611556982 1.395558424784268
6658.0289566613155 1.4077730955600853
6668.044301765649 1.3978943741420464
6678.059646869984 1.3830525667362294
6688.0749919743175 1.3765478452092736
6698.090337078651 1.3593575463038359
6708.105682182984 1.3429346103482365
6718.1210272873195 1.3228629262768647
6728.136372391653 1.297513685752674
6738.151717495986 1.2899692763370816
6748.1670626003215 1.2645901049574242
6758.182407704655 1.263728659570216
6768.197752808988 1.2401198295224927
6778.213097913322 1.2327777317317075
6788.228443017657 1.2181609624427037
6798.24378812199 1.2103867010856222
6808.259133226324 1.203246652942791
6818.274478330657 1.1947981941542551
6828.289823434992 1.1893958712251471
6838.305168539326 1.174103267149357
6848.320513643659 1.1664182416578632
6858.3358587479925 1.149216743241955
6868.351203852328 0.7745471410809867
6878.366548956661 0.9246962271960203
6888.3818940609945 0.9458467974426737
6898.397239165328 0.9485674270621238
6908.412584269663 1.0042470050069345
6918.427929373996 1.054377421996474
6928.44327447833 1.069054969915397
6938.458619582663 1.0799164320036294
6948.473964686998 1.0776433243434886
6958.489309791332 1.0601897387006847
6968.504654895665 1.0637580599225551
6978.52 1.0521126975956323
6988.535345104334 1.044326319809095
6998.550690208667 1.0420214474555156
7008.566035313001 1.0295934947741678
7018.581380417336 1.0180158534637713
7028.596725521669 1.0114222890365079
7038.612070626003 1.0064799319672313
7048.627415730336 0.9962584793311234
7058.642760834671 0.9999196713474182
7068.658105939005 1.0041749613723319
7078.673451043338 1.0
7088.688796147671 0.9913257826583048
7098.704141252007 1.0016372570905592
7108.71948635634 0.9965604404014285
7118.734831460673 1.0069175970474424
7128.750176565007 0.9945326085700031
7138.765521669342 0.9909518107005036
7148.780866773675 0.9880262496877155
7158.796211878009 0.9804159203464621
7168.811556982343 0.9639984859047774
7178.826902086677 0.9441457817354912
7188.842247191011 0.938683924566516
7198.857592295344 0.92882825711155
7208.872937399679 0.9301773724108051
7218.888282504013 0.9255702474721773
7228.903627608346 0.9047880166809832
7238.9189727126795 0.8855752564696086
7248.934317817015 0.9052991990155959
7258.949662921348 0.8936883848861756
7268.9650080256815 0.8904844079727549
7278.980353130015 0.87794423095696
7288.99569823435 0.8676410415426848
7299.0110433386835 0.8750255468365657
7309.026388443017 0.8602662948865819
7319.04173354735 0.8550939221402829
7329.0570786516855 0.8518179015922593
7339.072423756019 0.846815879294689
7349.087768860352 0.82366367490192
7359.103113964686 0.8069359616248448
7369.118459069021 0.8059025611806826
7379.133804173354 0.7928318482902523
7389.149149277688 0.7839249955030037
7399.164494382023 0.7757079605170756
7409.179839486356 0.7710868853110202
7419.19518459069 0.7530751252355786
7429.210529695023 0.7231270447907394
7439.225874799358 0.691457121478896
7449.241219903692 0.6557562880421093
7459.256565008025 0.6414014595843889
7469.2719101123585 0.6330015713044179
7479.287255216694 0.6276325456333388
7489.302600321027 0.6254854946854885
7499.31794542536 0.6335057916041593
7509.333290529694 0.6415939896484432
7519.348635634029 0.6398597061556276
7529.363980738362 0.6282364808727917
7539.379325842696 0.6196648372932172
7549.394670947029 0.6189251783955941
7559.410016051364 0.6169554301072118
7569.425361155698 0.618535906989572
7579.440706260031 0.6158001187344594
7589.456051364365 0.6057629733639293
7599.4713964687 0.45845949292611743
7609.486741573033 0.45845949292611743
7619.502086677367 0.45845949292611743
7629.517431781702 0.45845949292611743
7639.532776886035 0.45845949292611743
7649.548121990369 0.45845949292611743
7659.563467094702 0.508590970921912
7669.578812199037 0.5493006904498206
7679.594157303371 0.5730403484632717
7689.609502407704 0.5846967793122381
7699.624847512037 0.5938931590934016
7709.640192616373 0.6107122990174984
7719.655537720706 0.60956672663426
7729.670882825039 0.6062408420669594
7739.686227929373 0.608786844465554
7749.701573033708 0.6146088575880401
7759.716918138041 0.6111749370412316
7769.732263242375 0.612993737541568
7779.747608346708 0.6118938801191955
7789.762953451043 0.6078435640588585
7799.778298555377 0.6010671463375522
7809.79364365971 0.6015519476030576
7819.808988764045 0.5903982994558512
7829.824333868379 0.5827422551537315
7839.839678972712 0.5724931934320177
7849.8550240770455 0.5601482579407068
7859.870369181381 0.5557945464867938
7869.885714285714 0.5491123258177306
7879.9010593900475 0.5464707608125461
7889.916404494381 0.5380445798806558
7899.931749598716 0.5359778543106769
7909.9470947030495 0.5241855950127992
7919.962439807383 0.5216963990200888
7929.977784911716 0.5149712141471169
7939.9931300160515 0.5119431481411318
7950.008475120385 0.5065228928964289
7960.023820224718 0.4967308956408984
7970.039165329053 0.4934202974229763
7980.054510433387 0.49019135739016567
7990.06985553772 0.48290242452700666
8000.085200642054 0.4704217653775255
8010.100545746388 0.46707369137076743
8020.115890850722 0.47030401988089954
8030.131235955056 0.4716379601709387
8040.146581059389 0.4732544719694428
8050.161926163723 0.482635060774864
8060.177271268058 0.48273064630442847
8070.192616372391 0.48065976512661723
8080.207961476724 0.47684214345662546
8090.223306581059 0.4709065699177416
8100.238651685393 0.46404565811188897
8110.253996789726 0.4654959783442074
8120.26934189406 0.4659059590204673
8130.284686998395 0.4635996097723785
8140.300032102728 0.47030678046198904
8150.315377207062 0.46866114666155206
8160.330722311396 0.45631619479668784
8170.34606741573 0.4442760268027209
8180.361412520064 0.43280518035649096
8190.376757624397 0.4244468710778177
8200.39210272873 0.40504710851398906
8210.407447833066 0.3983122534204272
8220.4227929374 0.3856223992043239
8230.438138041733 0.3803794269708249
8240.453483146068 0.39209269042336087
8250.468828250401 0.3961471882892155
8260.484173354735 0.3950736235187624
8270.499518459068 0.4003941932961499
8280.514863563401 0.3959795558503378
8290.530208667737 0.3955750996109677
8300.54555377207 0.39331860783273465
8310.560898876403 0.38239904910261635
8320.576243980739 0.37325118088522574
8330.591589085072 0.37841242288997873
8340.606934189405 0.3778555714404493
8350.622279293739 0.3811856017914501
8360.637624398074 0.38377177179104643
8370.652969502407 0.38755475684634755
8380.66831460674 0.4070708797041915
8390.683659711076 0.40891457455499386
8400.69900481541 0.4200793337954824
8410.714349919743 0.42101848479203086
8420.729695024076 0.42766191323857133
8430.74504012841 0.4307758519822921
8440.760385232745 0.43795811442029
8450.775730337078 0.4384665132508384
8460.791075441412 0.44105822733558836
8470.806420545747 0.4443065110842898
8480.82176565008 0.4469162426271118
8490.837110754414 0.441218897739595
8500.852455858747 0.4498556425671649
8510.86780096308 0.4434172208323077
8520.883146067416 0.45593668530315423
8530.898491171749 0.45016315754675584
8540.913836276082 0.45004399737512296
8550.929181380418 0.44971990581015214
8560.94452648475 0.43395627717661917
8570.959871589084 0.4427952583106508
8580.975216693418 0.43923113199314057
8590.990561797753 0.4365258312943075
8601.005906902086 0.44086149581775247
8611.02125200642 0.44532603002994825
8621.036597110755 0.440008224108361
8631.051942215088 0.4395386338738888
8641.067287319422 0.4406468156107685
8651.082632423755 0.4420929605869906
8661.097977528088 0.43299496293829837
8671.113322632424 0.433626608779388
8681.128667736757 0.4276009610489868
8691.14401284109 0.43145459798685853
8701.159357945426 0.43470430950940947
8711.174703049759 0.43238267718665285
8721.190048154092 0.433832981045418
8731.205393258426 0.4195972636386706
8741.22073836276 0.4220878775810983
8751.236083467094 0.4212650443073266
8761.251428571428 0.416818553750888
8771.266773675761 0.4169459923910788
8781.282118780096 0.42005025109007754
8791.29746388443 0.40124750757678
8801.312808988763 0.4049196829726409
8811.328154093097 0.390887547778438
8821.343499197432 0.3811149531835903
8831.358844301765 0.36849713277795776
8841.374189406099 0.3632569178508375
8851.389534510434 0.3498620053299846
8861.404879614767 0.34780497617828104
8871.4202247191 0.33438375790666613
8881.435569823434 0.33371885082936475
8891.450914927767 0.32417621624145804
8901.466260032103 0.33535895036877994
8911.481605136436 0.33437128780845854
8921.49695024077 0.3426908081393196
8931.512295345105 0.34079446249046536
8941.527640449438 0.3429637061524839
8951.542985553771 0.34225171528525894
8961.558330658105 0.3389784782412996
8971.573675762438 0.3465015037962575
8981.589020866773 0.33755310148010703
8991.604365971107 0.33497246574153255
9001.619711075442 0.3387416118695687
9011.635056179775 0.3303098803031034
9021.650401284109 0.3260822222867704
9031.665746388442 0.3287542846723664
9041.681091492776 0.3399411907810739
9051.69643659711 0.32778327729048085
9061.711781701444 0.33168399801827614
9071.727126805778 0.3268413264163148
9081.742471910113 0.3290659618092109
9091.757817014446 0.33161891314383396
9101.77316211878 0.34196913395266193
9111.788507223113 0.34246640531637496
9121.803852327446 0.33868065967998423
9131.819197431782 0.3385906215102842
9141.834542536115 0.3572285193634788
9151.849887640448 0.3382415373535275
9161.865232744783 0.3543694808231143
9171.880577849117 0.34614967870667535
9181.89592295345 0.35445948952041834
9191.911268057784 0.3528914532638698
9201.926613162119 0.35090507272002613
9211.941958266452 0.36062642464240735
9221.957303370786 0.3616182329864291
9231.97264847512 0.36301591551953827
9241.987993579454 0.3603216931668807
9252.003338683788 0.3626141772900191
9262.018683788121 0.36900273828031
9272.034028892454 0.36309761955059905
9282.04937399679 0.35367270426163316
9292.064719101123 0.36134257439217526
9302.080064205456 0.36485683996511914
9312.095409309792 0.3367081213381163
9322.110754414125 0.3200053548068774
9332.126099518458 0.3123105608534735
9342.141444622792 0.2808886215560646
9352.156789727125 0.31086855511153033
9362.17213483146 0.3222341490823164
9372.187479935794 0.32245855190526107
9382.202825040127 0.3239933563979938
9392.218170144462 0.3612871695624551
9402.233515248796 0.3621362823893036
9412.24886035313 0.34863334371307464
9422.264205457463 0.33964199684127966
9432.279550561798 0.3258578522109324
9442.294895666131 0.30838211642519886
9452.310240770465 0.32246271078780403
9462.3255858748 0.3155353158060558
9472.340930979133 0.3350292688727061
9482.356276083467 0.31921440739083856
9492.3716211878 0.3050936388778104
9502.386966292133 0.3153012067407037
9512.402311396469 0.32525666445372636
9522.417656500802 0.3009588221835057
9532.433001605135 0.32734832367069916
9542.44834670947 0.305653264007272
9552.463691813804 0.3056435839625499
9562.479036918137 0.30087431827482747
9572.49438202247 0.31285356027689515
9582.509727126804 0.2999185284733964
9592.52507223114 0.30849294573290303
9602.540417335473 0.30483046020589616
9612.555762439806 0.30777540423110306
9622.571107544141 0.3010322575701405
9632.586452648475 0.2857354422164369
9642.601797752808 0.2829054700079238
9652.617142857142 0.2989766037969157
9662.632487961477 0.27136701388532997
9672.64783306581 0.2982396760079863
9682.663178170144 0.2628122907357551
9692.678523274479 0.2909659770988349
9702.693868378812 0.292831831916699
9712.709213483146 0.2908814568166034
9722.724558587479 0.27314894769301384
9732.739903691812 0.2741225912169837
9742.755248796147 0.2694392310141036
9752.77059390048 0.271416887728739
9762.785939004814 0.26994662450847823
9772.80128410915 0.2671047552761238
9782.816629213483 0.27241145665385025
9792.831974317816 0.27640847024871334
9802.84731942215 0.2870763183436618
9812.862664526483 0.2857340668379581
9822.878009630818 0.2608603928952009
9832.893354735152 0.27695465596561086
9842.908699839485 0.25935620694717426
9852.92404494382 0.2597155245747551
9862.939390048154 0.24829008526658877
9872.954735152487 0.27397839915703714
9882.97008025682 0.2623475437983546
9892.985425361156 0.24789518135822491
9903.000770465489 0.2465336516308436
9913.016115569822 0.27323787573579883
9923.031460674158 0.264377703949062
9933.046805778491 0.2650382982324193
9943.062150882824 0.2554887147084841
9953.077495987158 0.2458953614018172
9963.092841091491 0.25360194103890005
9973.108186195826 0.23296339472749975
9983.12353130016 0.24204670202415435
9993.138876404493 0.24618085395219425
10003.154221508828 0.3031183399548529
10013.169566613162 0.2670386552413758
10023.184911717495 0.222558437129927
10033.200256821829 0.2533289054878879
10043.215601926162 0.25608573048430455
10053.230947030497 0.2663248632832859
10063.24629213483 0.23752569542656204
10073.261637239166 0.2462233826195845
10083.2769823435 0.25046140509516823
10093.292327447833 0.2323599768923317
